0.02238556183874607
0.03320702910423279
0.04153040796518326
0.057018816471099854
0.0760752409696579
0.07949946820735931
0.10906414687633514
0.10786537826061249
0.15350991487503052
0.19746387004852295
0.21764923632144928
0.22725743055343628
0.3261783719062805
0.21322159469127655
0.35918155312538147
0.2826557755470276
0.22990816831588745
0.27061164379119873
0.36046379804611206
0.2593770921230316
0.3480389416217804
0.2669067680835724
0.3194328844547272
0.26514193415641785
0.3025315999984741
0.3443235754966736
0.3560834228992462
0.2511370778083801
0.31118908524513245
0.32823842763900757
0.3600974380970001
0.3424685299396515
0.31822529435157776
0.32163020968437195
0.2984992563724518
0.26755669713020325
0.40529173612594604
0.2341891974210739
0.37543416023254395
0.2539356052875519
0.32911205291748047
0.31979066133499146
0.30860796570777893
0.30477914214134216
0.44180941581726074
0.2649247944355011
0.3167824447154999
0.40950706601142883
0.2721658945083618
0.3527500629425049
0.3274381458759308
0.29275330901145935
0.3806565999984741
0.25222116708755493
0.42940831184387207
0.22311969101428986
0.37896856665611267
0.3445945084095001
0.34534719586372375
0.28926074504852295
0.3743971884250641
0.4033129811286926
0.25357723236083984
0.363233357667923
0.3472169041633606
0.2969335913658142
0.27823561429977417
0.3480760157108307
0.31676989793777466
0.3196147680282593
0.3586116135120392
0.27453961968421936
0.3341708183288574
0.31713929772377014
0.30870845913887024
0.3705452084541321
0.211012601852417
0.35500863194465637
0.3546190857887268
0.2886052429676056
