0.22966984659433365
0.20187378488481045
0.18194300681352615
0.17453105933964252
0.16905397549271584
0.1695244126021862
0.1628079153597355
0.15827137604355812
0.15653186105191708
0.1562504731118679
0.15270371921360493
0.1554342396557331
0.1535816416144371
0.15065297856926918
0.15300808660686016
0.14928904362022877
0.14798587746918201
0.1511618010699749
0.14737003482878208
0.14819921739399433
0.1472048368304968
0.14725064113736153
0.14715499989688396
0.14953270368278027
0.14867345988750458
0.14698704797774553
0.14234334230422974
0.14469415601342916
0.14181514270603657
0.1448705904185772
0.13698857463896275
0.14686331897974014
0.14604507852345705
0.1426970437169075
0.14213850907981396
0.14039303362369537
0.13712411001324654
0.1415849421173334
0.141862278804183
0.13688842579722404
0.1361977644264698
0.13811504654586315
0.13414112478494644
0.1405977513641119
0.13720507360994816
0.13453776575624943
0.1348599884659052
0.13395551405847073
0.13431497756391764
0.13878261763602495
0.13638135883957148
0.1360452277585864
0.1340834079310298
0.13666188716888428
0.13653791416436434
0.13243700843304396
0.13585082814097404
0.13449247926473618
0.13289545942097902
0.13307321351021528
0.13564038928598166
0.13161011040210724
0.13102450966835022
0.13160817045718431
0.13652168586850166
0.13141422718763351
0.13133217860013247
0.1326700896024704
0.12870739493519068
0.132551365531981
0.12997629027813673
0.13170996122062206
0.13182598538696766
0.1291706832125783
0.13299452885985374
0.12987131718546152
0.1306470613926649
0.12834480311721563
0.131876683793962
0.1315791141241789
