0.21790407598018646
0.21271121501922607
0.20872041583061218
0.20118241012096405
0.19197776913642883
0.19156159460544586
0.1791272759437561
0.18050970137119293
0.15891095995903015
0.1444549560546875
0.14280965924263
0.13852308690547943
0.131217360496521
0.1485103964805603
0.14274217188358307
0.12359821051359177
0.1413508802652359
0.13030554354190826
0.1324511170387268
0.1327013522386551
0.1305752992630005
0.1299513578414917
0.13225220143795013
0.1339440941810608
0.12153123319149017
0.12512995302677155
0.12630915641784668
0.13460993766784668
0.12287647277116776
0.12325900793075562
0.14561021327972412
0.2572305500507355
0.12197218090295792
0.1192839965224266
0.13203111290931702
0.12650234997272491
0.18206773698329926
0.13813409209251404
0.1408345252275467
0.13147284090518951
0.11079567670822144
0.1180158257484436
0.11890196055173874
0.12900064885616302
0.1252523958683014
0.13433104753494263
0.1340428739786148
0.1137787252664566
0.1257772296667099
0.1796385943889618
0.12305021286010742
0.12865884602069855
0.13013048470020294
0.13500633835792542
0.18897348642349243
0.13854540884494781
0.12147273868322372
0.13514086604118347
0.11340875923633575
0.12567098438739777
0.10772602260112762
0.12336403131484985
0.13922709226608276
0.11556324362754822
0.15950189530849457
0.13367003202438354
0.13678666949272156
0.10789357870817184
0.11650034040212631
0.14487607777118683
0.1079682856798172
0.12557105720043182
0.18725401163101196
0.13148586452007294
0.12589837610721588
0.14950115978717804
0.15633635222911835
0.1608806550502777
0.11397381871938705
0.1289362609386444
