0.04524358734488487
0.11245846748352051
0.18300318717956543
0.21927553415298462
0.2181715965270996
0.21927247941493988
0.2286911904811859
0.23047195374965668
0.2509993612766266
0.24966175854206085
0.2593768239021301
0.2761470377445221
0.25232410430908203
0.2694113552570343
0.27088189125061035
0.2629023492336273
0.27850690484046936
0.26773151755332947
0.27887970209121704
0.28263118863105774
0.26053759455680847
0.2838619351387024
0.27049097418785095
0.2663528025150299
0.2775137424468994
0.26535314321517944
0.28443679213523865
0.2837548851966858
0.27731549739837646
0.2794029414653778
0.28881949186325073
0.28704702854156494
0.25705593824386597
0.27319198846817017
0.2958168387413025
0.2929820716381073
0.2938269376754761
0.29458755254745483
0.2778265178203583
0.29986608028411865
0.2933185398578644
0.29798397421836853
0.3023518919944763
0.2959865629673004
0.27934810519218445
0.3063718378543854
0.2974322438240051
0.30662721395492554
0.3145931363105774
0.28650224208831787
0.29850339889526367
0.2973485291004181
0.29556092619895935
0.3059347867965698
0.28997349739074707
0.3223276436328888
0.294492244720459
0.303262859582901
0.3099457621574402
0.31238314509391785
0.29637348651885986
0.31340235471725464
0.3051449656486511
0.30023935437202454
0.317083477973938
0.3006795048713684
0.31008419394493103
0.310846209526062
0.31633731722831726
0.3105124235153198
0.30046406388282776
0.32584062218666077
0.30293214321136475
0.32304784655570984
0.3092302083969116
0.31679871678352356
0.32183000445365906
0.3174149990081787
0.3119785785675049
0.3057399094104767
