0.5963009335100651
0.3321971744298935
0.25540259666740894
0.23455931432545185
0.22623460926115513
0.22026753425598145
0.21294068358838558
0.2043632511049509
0.20219149626791477
0.19553748331964016
0.18778385780751705
0.1825627163052559
0.179328091442585
0.1736768614500761
0.1724379900842905
0.16876457259058952
0.16853439807891846
0.1662954967468977
0.16558033600449562
0.16732812114059925
0.16110515594482422
0.16256207786500454
0.1616608276963234
0.1579935159534216
0.16268309019505978
0.15658308565616608
0.15304800868034363
0.15099238604307175
0.15278333239257336
0.14939428493380547
0.14692642726004124
0.14639286138117313
0.14548174291849136
0.14248703699558973
0.14468672312796116
0.14603037387132645
0.14244592748582363
0.14231067895889282
0.1478810040280223
0.1444453578442335
0.14285101741552353
0.14744849130511284
0.14505931735038757
0.14498970843851566
0.14349045418202877
0.14556817803531885
0.14364198967814445
0.14020911045372486
0.1424913452938199
0.1394396685063839
0.14364339411258698
0.13845165446400642
0.14193948544561863
0.13915168307721615
0.139252295717597
0.14195330813527107
0.13726405706256628
0.13741942308843136
0.14043469447642565
0.13790978211909533
0.1394160222262144
0.13837405107915401
0.1390281617641449
0.13798894919455051
0.13336794078350067
0.13967202603816986
0.14070013538002968
0.14037956204265356
0.1372641995549202
0.14113064669072628
0.13767343945801258
0.13681343384087086
0.1380929322913289
0.13913991581648588
0.13322015944868326
0.1370792780071497
0.1371814887970686
0.13329249806702137
0.13913431111723185
0.13363623339682817
