0.028363140299916267
0.032660696655511856
0.037843458354473114
0.04629163816571236
0.05310096591711044
0.062691330909729
0.07403998076915741
0.08574722707271576
0.09740465879440308
0.11049436032772064
0.12897837162017822
0.14612852036952972
0.162226140499115
0.17613975703716278
0.18402691185474396
0.19570836424827576
0.20173616707324982
0.20758672058582306
0.21132582426071167
0.2104196548461914
0.22136545181274414
0.21762771904468536
0.22202539443969727
0.22513584792613983
0.21927595138549805
0.2295481115579605
0.23545107245445251
0.2456524670124054
0.24663539230823517
0.25769945979118347
0.25696268677711487
0.2575942277908325
0.2690476179122925
0.2725253105163574
0.2709975242614746
0.2671349048614502
0.2813441753387451
0.2829096019268036
0.27336639165878296
0.26956477761268616
0.27669239044189453
0.28206580877304077
0.2743918001651764
0.26735931634902954
0.2783292531967163
0.27130335569381714
0.27225443720817566
0.28072595596313477
0.2744510769844055
0.28535982966423035
0.27917471528053284
0.2860189974308014
0.2763507664203644
0.2812521457672119
0.2840143144130707
0.28900617361068726
0.2803146243095398
0.29905959963798523
0.28558826446533203
0.27751263976097107
0.29308605194091797
0.29305368661880493
0.2873482406139374
0.2871958315372467
0.29663681983947754
0.2954150438308716
0.27652043104171753
0.27646273374557495
0.28874731063842773
0.28792718052864075
0.2826538383960724
0.28662270307540894
0.3001309335231781
0.27937373518943787
0.3046911954879761
0.2911362648010254
0.2850049138069153
0.2989831268787384
0.29798901081085205
0.30157822370529175
