0.2300790324807167
0.2032145063082377
0.17802058905363083
0.17173761626084647
0.17163133372863135
0.15173968176047006
0.1501942885418733
0.15416638180613518
0.13745510950684547
0.1381389138599237
0.130865640938282
0.13424483562509218
0.13425362358490625
0.1435894730190436
0.13277762134869894
0.13370794678727785
0.1356962025165558
0.1309857169787089
0.1399679829676946
0.1426173448562622
0.13006746272246042
0.13752652456363043
0.13688048844536146
0.1275559514760971
0.12594797958930334
0.13064074764649072
0.13080273692806563
0.12826499218742052
0.12249180550376575
0.13275286555290222
0.13441885262727737
0.12695679192741713
0.12135132898886998
0.13175823663671812
0.12739666054646173
0.12216554085413615
0.13032774006326994
0.12746932109196982
0.13700822864969572
0.13455417131384215
