0.03029104880988598
0.07364515215158463
0.11700039356946945
0.14733196794986725
0.1579132229089737
0.18209503591060638
0.2230072170495987
0.21459569036960602
0.2407863289117813
0.2662378251552582
0.2852603495121002
0.27429935336112976
0.2885092794895172
0.31673842668533325
0.2836253345012665
0.2875540256500244
0.27679842710494995
0.3278208076953888
0.30713263154029846
0.27164486050605774
0.3098561465740204
0.2761925756931305
0.2826393246650696
0.29220274090766907
0.3172692060470581
0.34316322207450867
0.3069564998149872
0.3157334327697754
0.31721338629722595
0.31103503704071045
0.2853670120239258
0.28904643654823303
0.2875248193740845
0.29017603397369385
0.3105759620666504
0.3191635012626648
0.3033905327320099
0.32702159881591797
0.27814844250679016
0.2920297682285309
